-7.071067811865476838e-01
7.071067811865472397e-01
-7.071067811865474617e-01
7.071067811865475727e-01
-7.071067811865472397e-01
7.071067811865479058e-01
-7.071067811865470176e-01
7.071067811865480168e-01
-7.071067811865470176e-01
7.071067811865480168e-01
7.071067811865475727e-01
-7.071067811865474617e-01
-7.071067811865472397e-01
7.071067811865479058e-01
7.071067811865471286e-01
-7.071067811865479058e-01
7.071067811865471286e-01
-7.071067811865479058e-01
-7.071067811865473507e-01
7.071067811865476838e-01
-7.071067811865479058e-01
7.071067811865470176e-01
-7.071067811865464625e-01
7.071067811865485719e-01
-7.071067811865476838e-01
-7.071067811865476838e-01
-7.071067811865476838e-01
-7.071067811865476838e-01
